1 (systemd) S 0 1 1 0 -1 4194560 44631 3467113 58 969 885 298 4299 2973 20 0 1 0 13 24162304 3745 18446744073709551615 1 1 0 0 0 0 671173123 4096 1260 0 0 0 17 1 0 0 0 0 0 0 0 0 0 0 0 0 0
103 (kstrp) I 2 0 0 0 -1 69238880 0 0 0 0 0 0 0 0 0 -20 1 0 60 0 0 18446744073709551615 0 0 0 0 0 0 0 2147483647 0 0 0 0 17 4 0 0 0 0 0 0 0 0 0 0 0 0 0
104 (zswap-shrink) I 2 0 0 0 -1 69238880 0 0 0 0 0 0 0 0 0 -20 1 0 61 0 0 18446744073709551615 0 0 0 0 0 0 0 2147483647 0 0 0 0 17 3 0 0 0 0 0 0 0 0 0 0 0 0 0
106 (charger_manager) I 2 0 0 0 -1 69238880 0 0 0 0 0 0 0 0 0 -20 1 0 62 0 0 18446744073709551615 0 0 0 0 0 0 0 2147483647 0 0 0 0 17 3 0 0 0 0 0 0 0 0 0 0 0 0 0
11 (mm_percpu_wq) I 2 0 0 0 -1 69238880 0 0 0 0 0 0 0 0 0 -20 1 0 13 0 0 18446744073709551615 0 0 0 0 0 0 0 2147483647 0 0 0 0 17 0 0 0 0 0 0 0 0 0 0 0 0 0 0
1116 (gdm-session-wor) S 491 491 491 0 -1 4194560 2981 11403 5 0 9 4 14 11 20 0 4 0 1377 401965056 3379 18446744073709551615 1 1 0 0 0 0 0 4096 16897 0 0 0 17 6 0 0 0 0 0 0 0 0 0 0 0 0 0
1145 (systemd) S 1 1145 1145 0 -1 4194560 5708 142929 0 441 260 90 575 165 20 0 1 0 1705 22077440 3072 18446744073709551615 1 1 0 0 0 0 671173123 4096 0 0 0 0 17 6 0 0 0 0 0 0 0 0 0 0 0 0 0
1148 ((sd-pam)) S 1145 1145 1145 0 -1 4194624 60 0 0 0 0 0 0 0 20 0 1 0 1706 26525696 1457 18446744073709551615 1 1 0 0 0 0 0 4096 0 0 0 0 17 2 0 0 0 0 0 0 0 0 0 0 0 0 0
1166 (gnome-keyring-d) S 1145 1166 1166 0 -1 4194304 594 0 2 0 7 3 0 0 20 0 5 0 1729 323985408 3082 18446744073709551615 94167733649408 94167734203617 140721651495744 0 0 0 0 4096 16897 0 0 0 17 2 0 0 0 0 0 94167734451888 94167734508496 94167752564736 140721651498277 140721651498391 140721651498391 140721651498970 0
1174 (dbus-daemon) S 1145 1174 1174 0 -1 4194304 4890 986 0 0 78 23 2 0 20 0 1 0 1730 10694656 1539 18446744073709551615 93943879979008 93943880099289 140728827656320 0 0 0 0 4096 16385 1 0 0 17 2 0 0 0 0 0 93943880145968 93943880151476 93943887904768 140728827661606 140728827661712 140728827661712 140728827662307 0
1197 (gdm-wayland-ses) S 1116 1197 1197 1026 1197 4194560 569 0 0 0 0 0 0 0 20 0 4 0 1762 241094656 1970 18446744073709551615 94851890929664 94851890943245 140737154586576 0 0 0 0 4096 16384 0 0 0 17 2 0 0 0 0 0 94851890955600 94851890958584 94851908161536 140737154592205 140737154592257 140737154592257 140737154592731 0
1203 (gnome-session-b) S 1197 1197 1197 1026 1197 4194304 2043 2811 2 11 3 1 3 0 20 0 5 0 1762 385667072 5418 18446744073709551615 94476313309184 94476313435169 140722958752560 0 0 0 0 4096 16386 0 0 0 17 2 0 0 0 0 0 94476313504272 94476313518736 94476323708928 140722958761148 140722958761178 140722958761178 140722958761946 0
123 (kworker/3:1H-kblockd) I 2 0 0 0 -1 69238880 0 0 0 0 0 5 0 0 0 -20 1 0 82 0 0 18446744073709551615 0 0 0 0 0 0 0 2147483647 0 0 0 0 17 3 0 0 0 0 0 0 0 0 0 0 0 0 0
1244 (gnome-session-c) S 1145 1244 1244 0 -1 4194304 340 0 2 0 0 0 0 0 20 0 2 0 1775 93696000 1904 18446744073709551615 94450553196544 94450553199477 140733941305216 0 0 0 0 4096 16386 0 0 0 17 2 0 0 0 0 0 94450553207632 94450553208856 94450581184512 140733941312398 140733941312435 140733941312435 140733941313501 0
1249 (gnome-session-b) S 1145 1249 1249 0 -1 4194304 2245 3250 0 10 19 11 4 4 20 0 5 0 1779 755482624 5622 18446744073709551615 94780342476800 94780342602785 140722271151808 0 0 0 0 4096 18946 0 0 0 17 5 0 0 0 0 0 94780342671888 94780342686352 94780373753856 140722271152964 140722271153028 140722271153028 140722271154138 0
1288 (gnome-shell) S 1145 1288 1288 0 -1 4194304 126231 1009919 19 211 6369 1974 3807 886 20 0 34 0 1795 6332375040 73424 18446744073709551615 94605561958400 94605561962953 140727258105472 0 0 0 0 16781312 17656 0 0 0 17 1 0 0 0 0 0 94605561973360 94605561975112 94605589106688 140727258106596 140727258106617 140727258106617 140727258107875 0
13 (rcu_tasks_kthread) I 2 0 0 0 -1 2129984 0 0 0 0 0 0 0 0 20 0 1 0 13 0 0 18446744073709551615 0 0 0 0 0 0 0 2147483647 0 0 0 0 17 0 0 0 0 0 0 0 0 0 0 0 0 0 0
136 (kworker/0:1H-kblockd) I 2 0 0 0 -1 69238880 0 0 0 0 0 4 0 0 0 -20 1 0 92 0 0 18446744073709551615 0 0 0 0 0 0 0 2147483647 0 0 0 0 17 0 0 0 0 0 0 0 0 0 0 0 0 0 0
138 (kworker/7:1H-kblockd) I 2 0 0 0 -1 69238880 0 0 0 0 1 3 0 0 0 -20 1 0 94 0 0 18446744073709551615 0 0 0 0 0 0 0 2147483647 0 0 0 0 17 7 0 0 0 0 0 0 0 0 0 0 0 0 0
14 (rcu_tasks_rude_kthread) I 2 0 0 0 -1 2129984 0 0 0 0 0 0 0 0 20 0 1 0 13 0 0 18446744073709551615 0 0 0 0 0 0 0 2147483647 0 0 0 0 17 0 0 0 0 0 0 0 0 0 0 0 0 0 0
140 (kworker/4:1H-kblockd) I 2 0 0 0 -1 69238880 0 0 0 0 0 4 0 0 0 -20 1 0 94 0 0 18446744073709551615 0 0 0 0 0 0 0 2147483647 0 0 0 0 17 4 0 0 0 0 0 0 0 0 0 0 0 0 0
1403 (gvfsd) S 1145 1403 1403 0 -1 4194304 837 39 0 0 3 0 0 0 20 0 4 0 1841 327852032 3345 18446744073709551615 94097444392960 94097444402965 140721919776592 0 0 0 0 4096 2560 0 0 0 17 6 0 0 0 0 0 94097444415816 94097444417552 94097471594496 140721919777576 140721919777591 140721919777591 140721919778793 0
1409 (gvfsd-fuse) S 1145 1403 1403 0 -1 4194304 400 106 4 2 0 0 0 0 20 0 7 0 1845 470478848 2665 18446744073709551615 94611671216128 94611671234041 140736091503360 0 0 0 0 4096 18435 0 0 0 17 6 0 0 0 0 0 94611671247192 94611671249264 94611690053632 140736091507463 140736091507506 140736091507506 140736091508708 0
141 (kworker/6:1H-kblockd) I 2 0 0 0 -1 69238880 0 0 0 0 0 15 0 0 0 -20 1 0 94 0 0 18446744073709551615 0 0 0 0 0 0 0 2147483647 0 0 0 0 17 6 0 0 0 0 0 0 0 0 0 0 0 0 0
1419 (at-spi-bus-laun) S 1145 1419 1419 0 -1 4194304 596 55 0 0 1 0 0 0 20 0 5 0 1877 391581696 1875 18446744073709551615 93978105233408 93978105240505 140726091654800 0 0 0 0 4096 16384 0 0 0 17 6 0 0 0 0 0 93978105248240 93978105249808 93978110242816 140726091660040 140726091660069 140726091660069 140726091661275 0
142 (kworker/2:1H-kblockd) I 2 0 0 0 -1 69238880 0 0 0 0 1 3 0 0 0 -20 1 0 94 0 0 18446744073709551615 0 0 0 0 0 0 0 2147483647 0 0 0 0 17 2 0 0 0 0 0 0 0 0 0 0 0 0 0
1426 (dbus-daemon) S 1419 1419 1419 0 -1 4194304 298 25 0 0 1 1 0 0 20 0 1 0 1880 9277440 1216 18446744073709551615 94818560454656 94818560574937 140727299186160 0 0 0 0 4096 16385 1 0 0 17 3 0 0 0 0 0 94818560621616 94818560627124 94818564468736 140727299189393 140727299189549 140727299189549 140727299190755 0
143 (kworker/5:2-cgroup_destroy) I 2 0 0 0 -1 69238880 0 0 0 0 0 29 0 0 20 0 1 0 94 0 0 18446744073709551615 0 0 0 0 0 0 0 2147483647 0 0 0 0 17 5 0 0 0 0 0 0 0 0 0 0 0 0 0
144 (kworker/5:1H-kblockd) I 2 0 0 0 -1 69238880 0 0 0 0 0 3 0 0 0 -20 1 0 94 0 0 18446744073709551615 0 0 0 0 0 0 0 2147483647 0 0 0 0 17 5 0 0 0 0 0 0 0 0 0 0 0 0 0
1451 (gnome-shell-cal) S 1145 1174 1174 0 -1 4194304 1322 0 18 0 10 4 0 0 20 0 7 0 1914 677842944 6353 18446744073709551615 94414800146432 94414800159201 140737016933280 0 0 0 0 4096 0 0 0 0 17 0 0 0 0 0 0 94414800173168 94414800175240 94414832336896 140737016936892 140737016936929 140737016936929 140737016938451 0
1459 (evolution-sourc) S 1145 1459 1459 0 -1 4194304 3395 0 72 0 13 9 0 0 20 0 5 0 1919 1433997312 11827 18446744073709551615 94592357998592 94592358033157 140728056473552 0 0 0 0 4096 16385 0 0 0 17 0 0 0 0 0 0 94592358096704 94592358101480 94592360861696 140728056478340 140728056478375 140728056478375 140728056479701 0
1464 (pulseaudio) S 1145 1464 1464 0 -1 4194304 3637 0 34 0 16 10 0 0 9 -11 3 0 1924 1325727744 8250 18446744073709551615 94023200776192 94023200811629 140727108973936 0 0 0 0 4096 19011 0 0 0 17 3 0 0 0 0 0 94023200838152 94023200841808 94023209549824 140727108975121 140727108975177 140727108975177 140727108976612 0
1475 (gvfs-udisks2-vo) S 1145 1475 1475 0 -1 4194304 1111 0 6 0 10 3 0 0 20 0 5 0 1944 598671360 5063 18446744073709551615 94416164261888 94416164335461 140734205736368 0 0 0 0 4096 0 0 0 0 17 5 0 0 0 0 0 94416164366160 94416164381296 94416169156608 140734205737594 140734205737631 140734205737631 140734205738963 0
1482 (udisksd) S 1 1482 1482 0 -1 4194560 3581 2003 36 8 177 14 1 4 20 0 6 0 1954 555626496 4763 18446744073709551615 1 1 0 0 0 0 0 4096 2 0 0 0 17 6 0 0 0 0 0 0 0 0 0 0 0 0 0
1483 (gsettings-helpe) S 1464 1464 1464 0 -1 4194304 592 281 1 0 0 0 0 0 20 0 5 0 1954 319688704 2063 18446744073709551615 94916544360448 94916544361497 140733168510080 0 0 0 0 4096 0 0 0 0 17 6 0 0 0 0 0 94916544371960 94916544372752 94916570349568 140733168515627 140733168515659 140733168515659 140733168517080 0
1496 (goa-daemon) S 1145 1174 1174 0 -1 4194304 2778 0 6 0 8 0 0 0 20 0 5 0 1960 807161856 10825 18446744073709551615 94382848880640 94382848896729 140736341159968 0 0 0 0 4096 2 0 0 0 17 4 0 0 0 0 0 94382848907256 94382848909440 94382867918848 140736341166558 140736341166578 140736341166578 140736341168100 0
15 (rcu_tasks_trace_kthread) I 2 0 0 0 -1 2129984 0 0 0 0 0 0 0 0 20 0 1 0 13 0 0 18446744073709551615 0 0 0 0 0 0 0 2147483647 0 0 0 0 17 1 0 0 0 0 0 0 0 0 0 0 0 0 0
1502 (evolution-calen) S 1145 1502 1502 0 -1 4194304 1867 0 97 0 13 5 0 0 20 0 10 0 1964 1204445184 8141 18446744073709551615 94473505042432 94473505043225 140728136773552 0 0 0 0 4096 16385 0 0 0 17 1 0 0 0 0 0 94473505053920 94473505054944 94473511489536 140728136780417 140728136780453 140728136780453 140728136781780 0
1512 (goa-identity-se) S 1145 1174 1174 0 -1 4194304 490 0 2 0 1 0 0 0 20 0 4 0 1966 398229504 2765 18446744073709551615 94371202809856 94371202865869 140721226645152 0 0 0 0 4096 0 0 0 0 17 7 0 0 0 0 0 94371202902864 94371202908184 94371223072768 140721226648010 140721226648040 140721226648040 140721226649562 0
1520 (gvfs-gphoto2-vo) S 1145 1520 1520 0 -1 4194304 492 0 8 0 0 1 0 0 20 0 4 0 1968 319205376 2902 18446744073709551615 94720547180544 94720547210941 140732852834800 0 0 0 0 4096 0 0 0 0 17 7 0 0 0 0 0 94720547233488 94720547246096 94720549392384 140732852841082 140732852841119 140732852841119 140732852842451 0
1528 (gvfs-afc-volume) S 1145 1528 1528 0 -1 4194304 518 0 2 0 11 39 0 0 20 0 5 0 1970 399310848 2503 18446744073709551615 94656880365568 94656880393469 140729077303552 0 0 0 0 4096 0 0 0 0 17 6 0 0 0 0 0 94656880410480 94656880422928 94656890904576 140729077312134 140729077312167 140729077312167 140729077313495 0
1534 (gvfs-goa-volume) S 1145 1534 1534 0 -1 4194304 371 0 2 0 0 1 0 0 20 0 4 0 1971 316813312 2105 18446744073709551615 94065934360576 94065934392173 140733549649568 0 0 0 0 4096 0 0 0 0 17 6 0 0 0 0 0 94065934413392 94065934426128 94065948561408 140733549656710 140733549656743 140733549656743 140733549658071 0
1539 (gvfs-mtp-volume) S 1145 1539 1539 0 -1 4194304 425 0 2 0 1 0 0 0 20 0 4 0 1973 317112320 2177 18446744073709551615 93867433697280 93867433726493 140723746922656 0 0 0 0 4096 0 0 0 0 17 6 0 0 0 0 0 93867433746288 93867433758736 93867459538944 140723746929286 140723746929319 140723746929319 140723746930647 0
1552 (evolution-addre) S 1145 1552 1552 0 -1 4194304 1939 0 14 0 8 2 0 0 20 0 7 0 1979 859824128 8362 18446744073709551615 94494589530112 94494589530889 140733366681728 0 0 0 0 4096 16385 0 0 0 17 3 0 0 0 0 0 94494589541624 94494589542624 94494598643712 140733366688376 140733366688415 140733366688415 140733366689745 0
1555 (gjs) S 1145 1174 1174 0 -1 4194304 2335 0 0 0 7 2 0 0 20 0 12 0 1980 2996928512 7641 18446744073709551615 94348138979328 94348138985225 140720985861104 0 0 0 0 4096 1032 0 0 0 17 5 0 0 0 0 0 94348138994616 94348138996232 94348162019328 140720985864631 140720985864697 140720985864697 140720985866219 0
159 (nvme-wq) I 2 0 0 0 -1 69238880 0 0 0 0 0 0 0 0 0 -20 1 0 96 0 0 18446744073709551615 0 0 0 0 0 0 0 2147483647 0 0 0 0 17 6 0 0 0 0 0 0 0 0 0 0 0 0 0
1590 (at-spi2-registr) S 1145 1419 1419 0 -1 4194304 421 0 0 0 1 0 0 0 20 0 4 0 2011 241143808 1855 18446744073709551615 94547973328896 94547973362957 140721110295280 0 0 0 0 4096 0 0 0 0 17 7 0 0 0 0 0 94547973392440 94547973394928 94547989164032 140721110301371 140721110301418 140721110301418 140721110302685 0
1599 (ibus-daemon) S 1145 1599 1599 0 -1 4194304 3136 64 0 0 88 24 0 0 20 0 4 0 2016 397828096 2811 18446744073709551615 94452055351296 94452055448781 140722186099152 0 0 0 0 4096 512 0 0 0 17 1 0 0 0 0 0 94452055505552 94452055511112 94452059750400 140722186103404 140722186103441 140722186103441 140722186104803 0
16 (ksoftirqd/0) S 2 0 0 0 -1 69238848 0 0 0 0 3 0 0 0 20 0 1 0 13 0 0 18446744073709551615 0 0 0 0 0 0 0 2147483647 0 0 0 0 17 0 0 0 0 0 0 0 0 0 0 0 0 0 0
160 (nvme-reset-wq) I 2 0 0 0 -1 69238880 0 0 0 0 0 0 0 0 0 -20 1 0 96 0 0 18446744073709551615 0 0 0 0 0 0 0 2147483647 0 0 0 0 17 6 0 0 0 0 0 0 0 0 0 0 0 0 0
1600 (gsd-a11y-settin) S 1145 1600 1600 0 -1 4194304 486 0 0 0 0 0 0 0 20 0 5 0 2017 392511488 2691 18446744073709551615 94468229918720 94468229921685 140721058739712 0 0 0 0 4096 16384 0 0 0 17 6 0 0 0 0 0 94468229929952 94468229931240 94468250492928 140721058740868 140721058740895 140721058740895 140721058742237 0
1602 (gsd-color) S 1145 1602 1602 0 -1 4194304 2283 0 1 0 16 5 0 0 20 0 5 0 2017 466030592 7741 18446744073709551615 94146168803328 94146168820637 140727847404880 0 0 0 0 4096 16384 0 0 0 17 1 0 0 0 0 0 94146168838064 94146168840472 94146169888768 140727847406235 140727847406254 140727847406254 140727847407589 0
1604 (gsd-datetime) S 1145 1604 1604 0 -1 4194304 780 0 0 0 2 0 0 0 20 0 5 0 2017 444375040 3502 18446744073709551615 94388971577344 94388971589425 140735776860064 0 0 0 0 4096 16384 0 0 0 17 6 0 0 0 0 0 94388971598320 94388971602152 94388993261568 140735776869010 140735776869032 140735776869032 140735776870370 0
161 (nvme-delete-wq) I 2 0 0 0 -1 69238880 0 0 0 0 0 0 0 0 0 -20 1 0 96 0 0 18446744073709551615 0 0 0 0 0 0 0 2147483647 0 0 0 0 17 6 0 0 0 0 0 0 0 0 0 0 0 0 0
1610 (gsd-housekeepin) S 1145 1610 1610 0 -1 4194304 589 0 0 0 24 14 0 0 20 0 5 0 2017 472571904 3092 18446744073709551615 93884069457920 93884069474181 140731825317648 0 0 0 0 4096 16384 0 0 0 17 7 0 0 0 0 0 93884069484336 93884069486856 93884102213632 140731825318534 140731825318560 140731825318560 140731825319902 0
1613 (gsd-keyboard) S 1145 1613 1613 0 -1 4194304 2243 0 0 0 12 1 0 0 20 0 5 0 2017 464785408 7039 18446744073709551615 94015609982976 94015609990133 140724065758304 0 0 0 0 4096 16384 0 0 0 17 3 0 0 0 0 0 94015609997872 94015609999592 94015610912768 140724065761938 140724065761960 140724065761960 140724065763298 0
1614 (gsd-media-keys) S 1145 1614 1614 0 -1 4194304 2447 0 1 0 69 18 0 0 20 0 5 0 2017 965472256 8265 18446744073709551615 94019469799424 94019469886393 140720337320832 0 0 0 0 4096 16384 0 0 0 17 6 0 0 0 0 0 94019469935376 94019469943732 94019487379456 140720337324685 140720337324709 140720337324709 140720337326048 0
1616 (gsd-power) S 1145 1616 1616 0 -1 4194304 2690 0 7 0 757 230 0 0 20 0 6 0 2018 890638336 8580 18446744073709551615 94288655511552 94288655545873 140722585923248 0 0 0 0 4096 16384 0 0 0 17 2 0 0 0 0 0 94288655573232 94288655577320 94288683577344 140722585926299 140722585926318 140722585926318 140722585927653 0
1617 (gsd-print-notif) S 1145 1617 1617 0 -1 4194304 749 42 0 0 1 1 0 0 20 0 4 0 2018 408215552 3297 18446744073709551615 94461833076736 94461833091017 140722335697312 0 0 0 0 4096 16384 0 0 0 17 1 0 0 0 0 0 94461833103312 94461833105664 94461843795968 140722335701618 140722335701651 140722335701651 140722335702999 0
1618 (gsd-rfkill) S 1145 1618 1618 0 -1 4194304 417 0 0 0 3 0 0 0 20 0 4 0 2018 543608832 2633 18446744073709551615 94792268632064 94792268645253 140721114153408 0 0 0 0 4096 16384 0 0 0 17 6 0 0 0 0 0 94792268658864 94792268660968 94792301547520 140721114155672 140721114155692 140721114155692 140721114157028 0
162 (nvme-auth-wq) I 2 0 0 0 -1 69238880 0 0 0 0 0 0 0 0 0 -20 1 0 96 0 0 18446744073709551615 0 0 0 0 0 0 0 2147483647 0 0 0 0 17 6 0 0 0 0 0 0 0 0 0 0 0 0 0
1620 (gsd-disk-utilit) S 1249 1249 1249 0 -1 4194304 557 0 2 0 1 0 0 0 20 0 4 0 2018 314707968 1786 18446744073709551615 93968803143680 93968803146285 140721610557280 0 0 0 0 4096 0 0 0 0 17 3 0 0 0 0 0 93968803154968 93968803155984 93968803389440 140721610561943 140721610561976 140721610561976 140721610563543 0
1621 (gsd-screensaver) S 1145 1621 1621 0 -1 4194304 364 0 0 0 0 1 0 0 20 0 4 0 2018 316747776 1956 18446744073709551615 94630912172032 94630912176485 140722477090848 0 0 0 0 4096 16384 0 0 0 17 6 0 0 0 0 0 94630912191152 94630912192744 94630915829760 140722477095544 140722477095575 140722477095575 140722477096921 0
1622 (gsd-sharing) S 1145 1622 1622 0 -1 4194304 740 0 0 0 67 14 0 0 20 0 5 0 2018 547573760 3192 18446744073709551615 94455260786688 94455260793825 140735439158176 0 0 0 0 4096 16384 0 0 0 17 5 0 0 0 0 0 94455260805520 94455260807400 94455267938304 140735439166101 140735439166122 140735439166122 140735439167459 0
1625 (gsd-smartcard) S 1145 1625 1625 0 -1 4194304 640 0 0 0 1 1 0 0 20 0 6 0 2019 397991936 2803 18446744073709551615 94308664635392 94308664662533 140722918079712 0 0 0 0 4096 16384 0 0 0 17 7 0 0 0 0 0 94308664684464 94308664688872 94308695543808 140722918087311 140722918087334 140722918087334 140722918088673 0
1626 (gsd-sound) S 1145 1626 1626 0 -1 4194304 649 0 0 0 1 0 0 0 20 0 5 0 2019 402255872 3375 18446744073709551615 94481462370304 94481462374489 140737019423600 0 0 0 0 4096 16384 0 0 0 17 6 0 0 0 0 0 94481462385376 94481462386920 94481467252736 140737019431579 140737019431598 140737019431598 140737019432933 0
1627 (gsd-usb-protect) S 1145 1627 1627 0 -1 4194304 547 0 2 0 2 1 0 0 20 0 5 0 2019 547500032 2877 18446744073709551615 94348604006400 94348604018789 140721077630784 0 0 0 0 4096 16384 0 0 0 17 2 0 0 0 0 0 94348604033520 94348604035304 94348635504640 140721077631617 140721077631645 140721077631645 140721077632988 0
1630 (gsd-wacom) S 1145 1630 1630 0 -1 4194304 2270 0 0 0 17 4 0 0 20 0 5 0 2019 465133568 7713 18446744073709551615 94471183863808 94471183870761 140730327347200 0 0 0 0 4096 16384 0 0 0 17 0 0 0 0 0 0 94471183878256 94471183880424 94471212109824 140730327354011 140730327354030 140730327354030 140730327355365 0
1632 (mount.exfat) S 1 1632 1632 0 -1 4194624 503 0 0 0 36 43 0 0 20 0 1 0 2020 6705152 788 18446744073709551615 1 1 0 0 0 0 0 4096 16387 0 0 0 17 1 0 0 0 0 0 0 0 0 0 0 0 0 0
1640 (evolution-alarm) S 1249 1249 1249 0 -1 4194304 4919 0 3 0 27 3 0 0 20 0 7 0 2021 1119928320 16688 18446744073709551615 94912495747072 94912495759929 140725511066656 0 0 0 0 4096 16384 0 0 0 17 2 0 0 0 0 0 94912495773336 94912495775768 94912520093696 140725511072119 140725511072173 140725511072173 140725511073730 0
1647 (gnome-software) S 1249 1249 1249 0 -1 4194304 13463 0 50 0 285 73 0 0 20 0 9 0 2021 971046912 21303 18446744073709551615 94904387870720 94904388244829 140729460402848 0 0 0 0 4096 0 0 0 0 17 4 0 0 0 0 0 94904388769504 94904388789776 94904404017152 140729460406698 140729460406745 140729460406745 140729460408288 0
166 (ttm) I 2 0 0 0 -1 69238880 0 0 0 0 0 0 0 0 0 -20 1 0 156 0 0 18446744073709551615 0 0 0 0 0 0 0 2147483647 0 0 0 0 17 5 0 0 0 0 0 0 0 0 0 0 0 0 0
168 (uas) I 2 0 0 0 -1 69238880 0 0 0 0 0 0 0 0 0 -20 1 0 156 0 0 18446744073709551615 0 0 0 0 0 0 0 2147483647 0 0 0 0 17 5 0 0 0 0 0 0 0 0 0 0 0 0 0
169 (card0-crtc0) S 2 0 0 0 -1 2129984 0 0 0 0 0 0 0 0 -51 0 1 0 156 0 0 18446744073709551615 0 0 0 0 0 0 0 2147483647 0 0 0 0 17 4 50 1 0 0 0 0 0 0 0 0 0 0 0
17 (rcu_preempt) I 2 0 0 0 -1 2129984 0 0 0 0 0 122 0 0 -2 0 1 0 13 0 0 18446744073709551615 0 0 0 0 0 0 0 2147483647 0 0 0 0 17 4 1 1 0 0 0 0 0 0 0 0 0 0 0
170 (card0-crtc1) S 2 0 0 0 -1 2129984 0 0 0 0 0 0 0 0 -51 0 1 0 156 0 0 18446744073709551615 0 0 0 0 0 0 0 2147483647 0 0 0 0 17 4 50 1 0 0 0 0 0 0 0 0 0 0 0
171 (card0-crtc2) S 2 0 0 0 -1 2129984 0 0 0 0 0 0 0 0 -51 0 1 0 156 0 0 18446744073709551615 0 0 0 0 0 0 0 2147483647 0 0 0 0 17 4 50 1 0 0 0 0 0 0 0 0 0 0 0
1715 (mount.exfat) S 1 1715 1715 0 -1 4194624 200 0 0 0 19 31 0 0 20 0 1 0 2029 5545984 554 18446744073709551615 1 1 0 0 0 0 0 4096 16387 0 0 0 17 7 0 0 0 0 0 0 0 0 0 0 0 0 0
172 (scsi_eh_0) S 2 0 0 0 -1 2129984 0 0 0 0 0 0 0 0 20 0 1 0 156 0 0 18446744073709551615 0 0 0 0 0 0 0 2147483647 0 0 0 0 17 4 0 0 0 0 0 0 0 0 0 0 0 0 0
1727 (gsd-printer) S 1145 1617 1617 0 -1 4194304 1048 0 0 0 4 1 0 0 20 0 4 0 2030 467980288 5483 18446744073709551615 94287473770496 94287473779817 140736319863312 0 0 0 0 4096 0 0 0 0 17 6 0 0 0 0 0 94287473789520 94287473790992 94287478525952 140736319867530 140736319867551 140736319867551 140736319868899 0
173 (scsi_tmf_0) I 2 0 0 0 -1 69238880 0 0 0 0 0 0 0 0 0 -20 1 0 156 0 0 18446744073709551615 0 0 0 0 0 0 0 2147483647 0 0 0 0 17 6 0 0 0 0 0 0 0 0 0 0 0 0 0
1738 (gvfsd-http) S 1403 1403 1403 0 -1 4194304 3102 0 11 0 20 3 0 0 20 0 5 0 2034 500895744 6536 18446744073709551615 93838486818816 93838486830525 140726364969936 0 0 0 0 4096 2048 0 0 0 17 0 0 0 0 0 0 93838486841528 93838486843408 93838492876800 140726364973812 140726364973874 140726364973874 140726364975076 0
1742 (ibus-dconf) S 1599 1599 1599 0 -1 4194304 353 0 0 0 0 1 0 0 20 0 5 0 2034 317685760 2218 18446744073709551615 93871791841280 93871791845109 140726094176688 0 0 0 0 4096 0 0 0 0 17 6 0 0 0 0 0 93871791852272 93871791853584 93871812018176 140726094183028 140726094183053 140726094183053 140726094184415 0
175 (scsi_eh_1) S 2 0 0 0 -1 2129984 0 0 0 0 0 0 0 0 20 0 1 0 168 0 0 18446744073709551615 0 0 0 0 0 0 0 2147483647 0 0 0 0 17 0 0 0 0 0 0 0 0 0 0 0 0 0 0
1754 (ibus-extension-) S 1599 1599 1599 0 -1 4194304 3771 0 2 0 229 6 0 0 20 0 5 0 2035 470843392 8508 18446744073709551615 94303744348160 94303744417069 140729070452416 0 0 0 0 4096 0 0 0 0 17 5 0 0 0 0 0 94303744449840 94303744454672 94303766339584 140729070455394 140729070455428 140729070455428 140729070456790 0
176 (scsi_tmf_1) I 2 0 0 0 -1 69238880 0 0 0 0 0 0 0 0 0 -20 1 0 168 0 0 18446744073709551615 0 0 0 0 0 0 0 2147483647 0 0 0 0 17 1 0 0 0 0 0 0 0 0 0 0 0 0 0
1764 (ibus-portal) S 1145 1174 1174 0 -1 4194304 335 0 0 0 3 1 0 0 20 0 4 0 2036 317620224 2256 18446744073709551615 93839950344192 93839950363577 140736818310176 0 0 0 0 4096 0 0 0 0 17 6 0 0 0 0 0 93839950381040 93839950389264 93839962791936 140736818317778 140736818317804 140736818317804 140736818319326 0
177 (usb-storage) S 2 0 0 0 -1 2129984 0 0 0 0 0 67 0 0 20 0 1 0 168 0 0 18446744073709551615 0 0 0 0 0 0 0 2147483647 0 0 0 0 17 5 0 0 0 0 0 0 0 0 0 0 0 0 0
1789 (gjs) S 1145 1174 1174 0 -1 4194304 2432 0 0 0 12 2 0 0 20 0 12 0 2038 2997006336 7163 18446744073709551615 94202659172352 94202659178249 140723171687520 0 0 0 0 4096 1032 0 0 0 17 2 0 0 0 0 0 94202659187640 94202659189256 94202668466176 140723171690943 140723171691001 140723171691001 140723171692523 0
18 (rcub/0) S 2 0 0 0 -1 2129984 0 0 0 0 0 0 0 0 -2 0 1 0 13 0 0 18446744073709551615 0 0 0 0 0 0 0 2147483647 0 0 0 0 17 0 1 1 0 0 0 0 0 0 0 0 0 0 0
1841 (ibus-engine-sim) S 1599 1599 1599 0 -1 4194304 368 0 0 0 29 9 0 0 20 0 4 0 2087 242204672 2220 18446744073709551615 93924338679808 93924338681437 140730405630800 0 0 0 0 4096 0 0 0 0 17 2 0 0 0 0 0 93924338691296 93924338692112 93924357103616 140730405636708 140730405636741 140730405636741 140730405638103 0
188 (jbd2/sda2-8) S 2 0 0 0 -1 2359360 0 0 0 0 0 28 0 0 20 0 1 0 211 0 0 18446744073709551615 0 0 0 0 0 0 0 2147483647 0 0 0 0 17 6 0 0 0 0 0 0 0 0 0 0 0 0 0
189 (ext4-rsv-conver) I 2 0 0 0 -1 69238880 0 0 0 0 0 0 0 0 0 -20 1 0 211 0 0 18446744073709551615 0 0 0 0 0 0 0 2147483647 0 0 0 0 17 2 0 0 0 0 0 0 0 0 0 0 0 0 0
19 (migration/0) S 2 0 0 0 -1 69238848 0 0 0 0 0 3 0 0 -100 0 1 0 13 0 0 18446744073709551615 0 0 0 0 0 0 0 2147483647 0 0 0 0 17 0 99 1 0 0 0 0 0 0 0 0 0 0 0
1980 (kworker/0:3-rcu_gp) I 2 0 0 0 -1 69238880 0 0 0 0 0 82 0 0 20 0 1 0 3274 0 0 18446744073709551615 0 0 0 0 0 0 0 2147483647 0 0 0 0 17 0 0 0 0 0 0 0 0 0 0 0 0 0 0
2 (kthreadd) S 0 0 0 0 -1 2129984 0 0 0 0 0 2 0 0 20 0 1 0 13 0 0 18446744073709551615 0 0 0 0 0 0 0 2147483647 0 0 0 0 0 6 0 0 0 0 0 0 0 0 0 0 0 0 0
20 (idle_inject/0) S 2 0 0 0 -1 69238848 0 0 0 0 0 0 0 0 -51 0 1 0 13 0 0 18446744073709551615 0 0 0 0 0 0 0 2147483647 0 0 0 0 17 0 50 1 0 0 0 0 0 0 0 0 0 0 0
20057 (kworker/2:0-mm_percpu_wq) I 2 0 0 0 -1 69238880 0 0 0 0 0 37 0 0 20 0 1 0 493117 0 0 18446744073709551615 0 0 0 0 0 0 0 2147483647 0 0 0 0 17 2 0 0 0 0 0 0 0 0 0 0 0 0 0
20121 (gnome-calendar) S 1145 1174 1174 0 -1 4194304 4535 0 0 0 31 6 0 0 20 0 7 0 496936 1117765632 15860 18446744073709551615 94175471312896 94175471626101 140725353120032 0 0 0 0 4096 0 0 0 0 17 3 0 0 0 0 0 94175471832832 94175471846952 94175474835456 140725353126335 140725353126382 140725353126382 140725353127904 0
20295 (kworker/1:1-cgroup_destroy) I 2 0 0 0 -1 69238880 0 0 0 0 0 68 0 0 20 0 1 0 496985 0 0 18446744073709551615 0 0 0 0 0 0 0 2147483647 0 0 0 0 17 1 0 0 0 0 0 0 0 0 0 0 0 0 0
20335 (Xwayland) S 1288 1288 1288 0 -1 4194304 15930 1400 0 0 36 49 2 0 20 0 10 0 497026 1094451200 43654 18446744073709551615 94389989978112 94389991609241 140734190504160 0 0 0 0 4096 1098933487 0 0 0 17 4 0 0 0 0 0 94389992002512 94389992057536 94390003695616 140734190512577 140734190512748 140734190512748 140734190514150 0
20356 (gsd-xsettings) S 1145 20356 20356 0 -1 4194304 5403 3292 2 6 14 4 2 2 20 0 12 0 497046 1160581120 32401 18446744073709551615 93966148784128 93966148806429 140723200945504 0 0 0 0 4096 16384 0 0 0 17 5 0 0 0 0 0 93966148822448 93966148826536 93966149898240 140723200948878 140723200948901 140723200948901 140723200950241 0
20380 (ibus-x11) S 1145 20356 20356 0 -1 4194304 1776 0 0 0 6 1 0 0 20 0 4 0 497063 312782848 7588 18446744073709551615 94723287576576 94723287645137 140735836932736 0 0 0 0 4100 16386 0 0 0 17 7 0 0 0 0 0 94723287665200 94723287673760 94723317321728 140735836936821 140735836936844 140735836936844 140735836938209 0
20382 (mutter-x11-fram) S 1288 1288 1288 0 -1 4194304 6996 0 0 0 16 4 0 0 20 0 14 0 497067 1403764736 36318 18446744073709551615 93858435850240 93858435858785 140737368389664 0 0 0 0 16781312 16384 0 0 0 17 2 0 0 0 0 0 93858435869256 93858435870744 93858452410368 140737368398425 140737368398452 140737368398452 140737368399837 0
2087 (gnome-documents) S 1145 1174 1174 0 -1 4194304 4322 0 27 0 20 3 0 0 20 0 13 0 4905 3072086016 13248 18446744073709551615 94172810625024 94172810630921 140725724479360 0 0 0 0 4096 1032 0 0 0 17 7 0 0 0 0 0 94172810640312 94172810641928 94172824899584 140725724481960 140725724482029 140725724482029 140725724483551 0
21 (cpuhp/0) S 2 0 0 0 -1 69238848 0 0 0 0 0 0 0 0 20 0 1 0 13 0 0 18446744073709551615 0 0 0 0 0 0 0 2147483647 0 0 0 0 17 0 0 0 0 0 0 0 0 0 0 0 0 0 0
2107 (gnome-terminal-) S 1145 2107 2107 0 -1 4194304 12697 0 12 0 218 20 0 0 20 0 5 0 4906 660443136 18144 18446744073709551615 94350218895360 94350219017185 140729739593424 0 0 0 0 4096 0 0 0 0 17 6 0 0 0 0 0 94350219100128 94350219116928 94350239907840 140729739594355 140729739594386 140729739594386 140729739595737 0
21083 (kworker/4:1-mm_percpu_wq) I 2 0 0 0 -1 69238880 0 0 0 0 0 10 0 0 20 0 1 0 501504 0 0 18446744073709551615 0 0 0 0 0 0 0 2147483647 0 0 0 0 17 4 0 0 0 0 0 0 0 0 0 0 0 0 0
2179 (gvfsd-trash) S 1403 1403 1403 0 -1 4194304 615 0 2 0 1 1 0 0 20 0 4 0 4917 403734528 3551 18446744073709551615 94098538557440 94098538574577 140725419756960 0 0 0 0 4096 2048 0 0 0 17 6 0 0 0 0 0 94098538588064 94098538590224 94098552463360 140725419764466 140725419764529 140725419764529 140725419765731 0
22 (cpuhp/1) S 2 0 0 0 -1 69239104 0 0 0 0 0 0 0 0 20 0 1 0 13 0 0 18446744073709551615 0 0 0 0 0 0 0 2147483647 0 0 0 0 17 1 0 0 0 0 0 0 0 0 0 0 0 0 0
2238 (dconf-service) S 1145 2238 2238 0 -1 4194304 365 0 2 0 0 0 0 0 20 0 4 0 4944 234897408 1923 18446744073709551615 93930304901120 93930304929509 140724620721744 0 0 0 0 4096 16387 0 0 0 17 6 0 0 0 0 0 93930304942672 93930304946200 93930307989504 140724620729008 140724620729031 140724620729031 140724620730337 0
2265 (tracker-miner-f) S 1145 2265 2265 0 -1 4194304 33497 0 9 0 127 35 0 0 39 19 8 0 4952 809738240 26388 18446744073709551615 94819553808384 94819553950585 140724350264944 0 0 0 0 4096 16386 0 0 0 17 7 0 5 0 0 0 94819554040640 94819554046592 94819554643968 140724350266002 140724350266030 140724350266030 140724350267356 0
22660 (irq/138-mei_me) S 2 0 0 0 -1 2129984 0 0 0 0 0 0 0 0 -51 0 1 0 4292122 0 0 18446744073709551615 0 0 0 0 0 0 0 2147483647 0 0 0 0 17 7 50 1 0 0 0 0 0 0 0 0 0 0 0
22661 (irq/139-mei_me) S 2 0 0 0 -1 2129984 0 0 0 0 0 22 0 0 -51 0 1 0 4292122 0 0 18446744073709551615 0 0 0 0 0 0 0 2147483647 0 0 0 0 17 0 50 1 0 0 0 0 0 0 0 0 0 0 0
22665 (kworker/6:3-events) I 2 0 0 0 -1 69238880 0 0 0 0 0 26 0 0 20 0 1 0 4292136 0 0 18446744073709551615 0 0 0 0 0 0 0 2147483647 0 0 0 0 17 6 0 0 0 0 0 0 0 0 0 0 0 0 0
22672 (iptsd) S 1 22672 22672 0 -1 4194560 303 0 0 0 22 6 0 0 20 0 1 0 4292138 7798784 1248 18446744073709551615 1 1 0 0 0 0 0 4096 16386 0 0 0 17 6 0 0 0 0 0 0 0 0 0 0 0 0 0
22712 (ipts_poll) D 2 0 0 0 -1 2129984 0 0 0 0 0 175 0 0 20 0 1 0 4292246 0 0 18446744073709551615 0 0 0 0 0 0 0 2147483647 0 0 0 0 17 6 0 0 0 0 0 0 0 0 0 0 0 0 0
22800 (kworker/7:3-events) I 2 0 0 0 -1 69238880 0 0 0 0 0 21 0 0 20 0 1 0 4292354 0 0 18446744073709551615 0 0 0 0 0 0 0 2147483647 0 0 0 0 17 7 0 0 0 0 0 0 0 0 0 0 0 0 0
23 (idle_inject/1) S 2 0 0 0 -1 69238848 0 0 0 0 0 0 0 0 -51 0 1 0 13 0 0 18446744073709551615 0 0 0 0 0 0 0 2147483647 0 0 0 0 17 1 50 1 0 0 0 0 0 0 0 0 0 0 0
231 (systemd-journal) S 1 231 231 0 -1 4194560 11461 0 7 0 39 56 0 0 20 0 1 0 271 52170752 4285 18446744073709551615 1 1 0 0 0 0 18946 4096 64 0 0 0 17 6 0 0 0 0 0 0 0 0 0 0 0 0 0
2368 (zsh) S 2107 2368 2368 34816 2368 4194304 12443 20282 19 156 49 19 97 45 20 0 1 0 5083 14725120 1876 18446744073709551615 94170123341824 94170124082905 140722744149072 0 0 0 0 3686400 134295555 1 0 0 17 6 0 0 0 0 0 94170124196528 94170124225620 94170155544576 140722744154733 140722744154737 140722744154737 140722744156143 0
2382 (gvfsd-metadata) S 1145 2382 2382 0 -1 4194304 380 0 2 0 0 0 0 0 20 0 4 0 5110 241729536 2640 18446744073709551615 94326574501888 94326574524361 140722212042304 0 0 0 0 4096 0 0 0 0 17 6 0 0 0 0 0 94326574535024 94326574538768 94326582755328 140722212047522 140722212047546 140722212047546 140722212048864 0
24 (migration/1) S 2 0 0 0 -1 69238848 0 0 0 0 0 3 0 0 -100 0 1 0 13 0 0 18446744073709551615 0 0 0 0 0 0 0 2147483647 0 0 0 0 17 1 99 1 0 0 0 0 0 0 0 0 0 0 0
24910 (kworker/0:0-events) I 2 0 0 0 -1 69238880 0 0 0 0 0 0 0 0 20 0 1 0 4533293 0 0 18446744073709551615 0 0 0 0 0 0 0 2147483647 0 0 0 0 17 0 0 0 0 0 0 0 0 0 0 0 0 0 0
25 (ksoftirqd/1) S 2 0 0 0 -1 69238848 0 0 0 0 8 0 0 0 20 0 1 0 13 0 0 18446744073709551615 0 0 0 0 0 0 0 2147483647 0 0 0 0 17 1 0 0 0 0 0 0 0 0 0 0 0 0 0
255 (systemd-udevd) S 1 255 255 0 -1 4194560 5871 160263 1 72 563 460 1183 1341 20 0 1 0 283 36503552 2752 18446744073709551615 1 1 0 0 0 0 81923 4096 0 0 0 0 17 3 0 0 0 0 0 0 0 0 0 0 0 0 0
259 (psimon) S 2 0 0 0 -1 2129984 0 0 0 0 0 0 0 0 -2 0 1 0 294 0 0 18446744073709551615 0 0 0 0 0 0 0 2147483647 0 0 0 0 17 1 1 1 0 0 0 0 0 0 0 0 0 0 0
27 (kworker/1:0H-events_highpri) I 2 0 0 0 -1 69238880 0 0 0 0 0 0 0 0 0 -20 1 0 13 0 0 18446744073709551615 0 0 0 0 0 0 0 2147483647 0 0 0 0 17 1 0 0 0 0 0 0 0 0 0 0 0 0 0
28 (cpuhp/2) S 2 0 0 0 -1 69239104 0 0 0 0 0 0 0 0 20 0 1 0 13 0 0 18446744073709551615 0 0 0 0 0 0 0 2147483647 0 0 0 0 17 2 0 0 0 0 0 0 0 0 0 0 0 0 0
28443 (kworker/u17:0-MWIFIEX_WORK_QUEUE) I 2 0 0 0 -1 69238880 0 0 0 0 0 157 0 0 0 -20 1 0 4759746 0 0 18446744073709551615 0 0 0 0 0 0 0 2147483647 0 0 0 0 17 4 0 0 0 0 0 0 0 0 0 0 0 0 0
28841 (kworker/u16:0-events_unbound) I 2 0 0 0 -1 69238880 0 0 0 0 0 19 0 0 20 0 1 0 4771821 0 0 18446744073709551615 0 0 0 0 0 0 0 2147483647 0 0 0 0 17 0 0 0 0 0 0 0 0 0 0 0 0 0 0
29 (idle_inject/2) S 2 0 0 0 -1 69238848 0 0 0 0 0 0 0 0 -51 0 1 0 13 0 0 18446744073709551615 0 0 0 0 0 0 0 2147483647 0 0 0 0 17 2 50 1 0 0 0 0 0 0 0 0 0 0 0
29452 (sshd) S 478 29452 29452 0 -1 4194560 823 230 0 0 3 1 0 0 20 0 1 0 4790773 15097856 2588 18446744073709551615 1 1 0 0 0 0 0 16781312 16387 0 0 0 17 1 0 0 0 0 0 0 0 0 0 0 0 0 0
29465 (sshd) R 29452 29452 29452 0 -1 4194624 1668 12702 0 2 5 7 11 34 20 0 1 0 4790792 15364096 1708 18446744073709551615 1 1 0 0 0 0 0 4096 65536 0 0 0 17 1 0 0 0 0 0 0 0 0 0 0 0 0 0
3 (rcu_gp) I 2 0 0 0 -1 69238880 0 0 0 0 0 0 0 0 0 -20 1 0 13 0 0 18446744073709551615 0 0 0 0 0 0 0 2147483647 0 0 0 0 17 0 0 0 0 0 0 0 0 0 0 0 0 0 0
30 (migration/2) S 2 0 0 0 -1 69238848 0 0 0 0 0 16 0 0 -100 0 1 0 13 0 0 18446744073709551615 0 0 0 0 0 0 0 2147483647 0 0 0 0 17 2 99 1 0 0 0 0 0 0 0 0 0 0 0
31 (ksoftirqd/2) S 2 0 0 0 -1 69238848 0 0 0 0 1 2 0 0 20 0 1 0 13 0 0 18446744073709551615 0 0 0 0 0 0 0 2147483647 0 0 0 0 17 2 0 0 0 0 0 0 0 0 0 0 0 0 0
31460 (kworker/2:1-events) I 2 0 0 0 -1 69238880 0 0 0 0 0 0 0 0 20 0 1 0 4949053 0 0 18446744073709551615 0 0 0 0 0 0 0 2147483647 0 0 0 0 17 2 0 0 0 0 0 0 0 0 0 0 0 0 0
31516 (kworker/7:1-events) I 2 0 0 0 -1 69238880 0 0 0 0 0 0 0 0 20 0 1 0 4949937 0 0 18446744073709551615 0 0 0 0 0 0 0 2147483647 0 0 0 0 17 7 0 0 0 0 0 0 0 0 0 0 0 0 0
31574 (kworker/1:2-cgroup_destroy) I 2 0 0 0 -1 69238880 0 0 0 0 0 0 0 0 20 0 1 0 4992937 0 0 18446744073709551615 0 0 0 0 0 0 0 2147483647 0 0 0 0 17 1 0 0 0 0 0 0 0 0 0 0 0 0 0
31588 (kworker/u16:4-events_unbound) I 2 0 0 0 -1 69238880 0 0 0 0 0 10 0 0 20 0 1 0 5012631 0 0 18446744073709551615 0 0 0 0 0 0 0 2147483647 0 0 0 0 17 1 0 0 0 0 0 0 0 0 0 0 0 0 0
31589 (kworker/6:0-events) I 2 0 0 0 -1 69238880 0 0 0 0 0 0 0 0 20 0 1 0 5016937 0 0 18446744073709551615 0 0 0 0 0 0 0 2147483647 0 0 0 0 17 6 0 0 0 0 0 0 0 0 0 0 0 0 0
31594 (kworker/3:1) I 2 0 0 0 -1 69238880 0 0 0 0 0 0 0 0 20 0 1 0 5029015 0 0 18446744073709551615 0 0 0 0 0 0 0 2147483647 0 0 0 0 17 3 0 0 0 0 0 0 0 0 0 0 0 0 0
31597 (kworker/5:0-events) I 2 0 0 0 -1 69238880 0 0 0 0 0 0 0 0 20 0 1 0 5040937 0 0 18446744073709551615 0 0 0 0 0 0 0 2147483647 0 0 0 0 17 5 0 0 0 0 0 0 0 0 0 0 0 0 0
31598 (kworker/u17:1-MWIFIEX_WORK_QUEUE) I 2 0 0 0 -1 69238880 0 0 0 0 0 52 0 0 0 -20 1 0 5042337 0 0 18446744073709551615 0 0 0 0 0 0 0 2147483647 0 0 0 0 17 7 0 0 0 0 0 0 0 0 0 0 0 0 0
31600 (kworker/u16:1-events_unbound) I 2 0 0 0 -1 69238880 0 0 0 0 0 5 0 0 20 0 1 0 5046381 0 0 18446744073709551615 0 0 0 0 0 0 0 2147483647 0 0 0 0 17 3 0 0 0 0 0 0 0 0 0 0 0 0 0
31607 ((udev-worker)) S 255 255 255 0 -1 4194624 176 0 0 0 116 94 0 0 20 0 1 0 5066874 36507648 1638 18446744073709551615 1 1 0 0 0 0 81923 4096 0 0 0 0 17 2 0 0 0 0 0 0 0 0 0 0 0 0 0
31655 (kworker/u17:3-MWIFIEX_RX_WORK_QUEUE) I 2 0 0 0 -1 69238880 0 0 0 0 0 38 0 0 0 -20 1 0 5067732 0 0 18446744073709551615 0 0 0 0 0 0 0 2147483647 0 0 0 0 17 7 0 0 0 0 0 0 0 0 0 0 0 0 0
32507 (kworker/1:0) I 2 0 0 0 -1 69238880 0 0 0 0 0 0 0 0 20 0 1 0 5093540 0 0 18446744073709551615 0 0 0 0 0 0 0 2147483647 0 0 0 0 17 1 0 0 0 0 0 0 0 0 0 0 0 0 0
32528 (kworker/6:1) I 2 0 0 0 -1 69238880 0 0 0 0 0 0 0 0 20 0 1 0 5093600 0 0 18446744073709551615 0 0 0 0 0 0 0 2147483647 0 0 0 0 17 6 0 0 0 0 0 0 0 0 0 0 0 0 0
32611 (kworker/5:1) I 2 0 0 0 -1 69238880 0 0 0 0 0 0 0 0 20 0 1 0 5094807 0 0 18446744073709551615 0 0 0 0 0 0 0 2147483647 0 0 0 0 17 5 0 0 0 0 0 0 0 0 0 0 0 0 0
32953 (kworker/0:1-events) I 2 0 0 0 -1 69238880 0 0 0 0 0 0 0 0 20 0 1 0 5105346 0 0 18446744073709551615 0 0 0 0 0 0 0 2147483647 0 0 0 0 17 0 0 0 0 0 0 0 0 0 0 0 0 0 0
33 (kworker/2:0H-events_highpri) I 2 0 0 0 -1 69238880 0 0 0 0 0 0 0 0 0 -20 1 0 13 0 0 18446744073709551615 0 0 0 0 0 0 0 2147483647 0 0 0 0 17 2 0 0 0 0 0 0 0 0 0 0 0 0 0
33616 (___surface_linu) R 29465 33616 33616 34817 33616 4194304 503 0 0 0 1 1 0 0 20 0 5 0 5123937 727224320 898 18446744073709551615 4194304 4833125 140720996106848 0 0 0 0 0 2143420159 0 0 0 17 4 0 0 0 0 0 5517312 5616512 32198656 140720996109616 140720996109672 140720996109672 140720996110272 0
34 (cpuhp/3) S 2 0 0 0 -1 69239104 0 0 0 0 0 0 0 0 20 0 1 0 13 0 0 18446744073709551615 0 0 0 0 0 0 0 2147483647 0 0 0 0 17 3 0 0 0 0 0 0 0 0 0 0 0 0 0
35 (idle_inject/3) S 2 0 0 0 -1 69238848 0 0 0 0 0 0 0 0 -51 0 1 0 13 0 0 18446744073709551615 0 0 0 0 0 0 0 2147483647 0 0 0 0 17 3 50 1 0 0 0 0 0 0 0 0 0 0 0
350 (kmpathd) I 2 0 0 0 -1 69238880 0 0 0 0 0 0 0 0 0 -20 1 0 383 0 0 18446744073709551615 0 0 0 0 0 0 0 2147483647 0 0 0 0 17 1 0 0 0 0 0 0 0 0 0 0 0 0 0
351 (kmpath_handlerd) I 2 0 0 0 -1 69238880 0 0 0 0 0 0 0 0 0 -20 1 0 383 0 0 18446744073709551615 0 0 0 0 0 0 0 2147483647 0 0 0 0 17 4 0 0 0 0 0 0 0 0 0 0 0 0 0
353 (cfg80211) I 2 0 0 0 -1 69238880 0 0 0 0 0 0 0 0 0 -20 1 0 384 0 0 18446744073709551615 0 0 0 0 0 0 0 2147483647 0 0 0 0 17 7 0 0 0 0 0 0 0 0 0 0 0 0 0
36 (migration/3) S 2 0 0 0 -1 69238848 0 0 0 0 0 16 0 0 -100 0 1 0 13 0 0 18446744073709551615 0 0 0 0 0 0 0 2147483647 0 0 0 0 17 3 99 1 0 0 0 0 0 0 0 0 0 0 0
366 (MWIFIEX_WORK_QU) I 2 0 0 0 -1 69238880 0 0 0 0 0 0 0 0 0 -20 1 0 392 0 0 18446744073709551615 0 0 0 0 0 0 0 2147483647 0 0 0 0 17 3 0 0 0 0 0 0 0 0 0 0 0 0 0
367 (MWIFIEX_RX_WORK) I 2 0 0 0 -1 69238880 0 0 0 0 0 0 0 0 0 -20 1 0 392 0 0 18446744073709551615 0 0 0 0 0 0 0 2147483647 0 0 0 0 17 3 0 0 0 0 0 0 0 0 0 0 0 0 0
37 (ksoftirqd/3) S 2 0 0 0 -1 69238848 0 0 0 0 0 3 0 0 20 0 1 0 13 0 0 18446744073709551615 0 0 0 0 0 0 0 2147483647 0 0 0 0 17 3 0 0 0 0 0 0 0 0 0 0 0 0 0
371 (cryptd) I 2 0 0 0 -1 69238880 0 0 0 0 0 0 0 0 0 -20 1 0 393 0 0 18446744073709551615 0 0 0 0 0 0 0 2147483647 0 0 0 0 17 2 0 0 0 0 0 0 0 0 0 0 0 0 0
372 (ssam_cpltq) I 2 0 0 0 -1 69238880 0 0 0 0 0 0 0 0 0 -20 1 0 393 0 0 18446744073709551615 0 0 0 0 0 0 0 2147483647 0 0 0 0 17 0 0 0 0 0 0 0 0 0 0 0 0 0 0
373 (ssam_serial_hub-tx) S 2 0 0 0 -1 2129984 0 0 0 0 0 10 0 0 20 0 1 0 393 0 0 18446744073709551615 0 0 0 0 0 0 0 2147483647 0 0 0 0 17 6 0 0 0 0 0 0 0 0 0 0 0 0 0
374 (ssam_serial_hub-rx) S 2 0 0 0 -1 2129984 0 0 0 0 0 6 0 0 20 0 1 0 393 0 0 18446744073709551615 0 0 0 0 0 0 0 2147483647 0 0 0 0 17 1 0 0 0 0 0 0 0 0 0 0 0 0 0
376 (irq/143-ssam_wakeup) S 2 0 0 0 -1 2129984 0 0 0 0 0 0 0 0 -51 0 1 0 394 0 0 18446744073709551615 0 0 0 0 0 0 0 2147483647 0 0 0 0 17 2 50 1 0 0 0 0 0 0 0 0 0 0 0
38 (kworker/3:0-mm_percpu_wq) I 2 0 0 0 -1 69238880 0 0 0 0 0 144 0 0 20 0 1 0 13 0 0 18446744073709551615 0 0 0 0 0 0 0 2147483647 0 0 0 0 17 3 0 0 0 0 0 0 0 0 0 0 0 0 0
387 (irq/141-ipu3-imgu) S 2 0 0 0 -1 2129984 0 0 0 0 0 0 0 0 -51 0 1 0 401 0 0 18446744073709551615 0 0 0 0 0 0 0 2147483647 0 0 0 0 17 2 50 1 0 0 0 0 0 0 0 0 0 0 0
39 (kworker/3:0H-events_highpri) I 2 0 0 0 -1 69238880 0 0 0 0 0 0 0 0 0 -20 1 0 13 0 0 18446744073709551615 0 0 0 0 0 0 0 2147483647 0 0 0 0 17 3 0 0 0 0 0 0 0 0 0 0 0 0 0
397 (systemd-timesyn) S 1 397 397 0 -1 4194560 792 0 8 0 8 10 0 0 20 0 2 0 407 93831168 2618 18446744073709551615 1 1 0 0 0 0 16386 4096 0 0 0 0 17 2 0 0 0 0 0 0 0 0 0 0 0 0 0
4 (rcu_par_gp) I 2 0 0 0 -1 69238880 0 0 0 0 0 0 0 0 0 -20 1 0 13 0 0 18446744073709551615 0 0 0 0 0 0 0 2147483647 0 0 0 0 17 0 0 0 0 0 0 0 0 0 0 0 0 0 0
40 (cpuhp/4) S 2 0 0 0 -1 69239104 0 0 0 0 0 0 0 0 20 0 1 0 13 0 0 18446744073709551615 0 0 0 0 0 0 0 2147483647 0 0 0 0 17 4 0 0 0 0 0 0 0 0 0 0 0 0 0
41 (idle_inject/4) S 2 0 0 0 -1 69238848 0 0 0 0 0 0 0 0 -51 0 1 0 13 0 0 18446744073709551615 0 0 0 0 0 0 0 2147483647 0 0 0 0 17 4 50 1 0 0 0 0 0 0 0 0 0 0 0
42 (migration/4) S 2 0 0 0 -1 69238848 0 0 0 0 0 16 0 0 -100 0 1 0 13 0 0 18446744073709551615 0 0 0 0 0 0 0 2147483647 0 0 0 0 17 4 99 1 0 0 0 0 0 0 0 0 0 0 0
427 (dbus-daemon) S 1 427 427 0 -1 4194560 758 0 6 0 2100 325 0 0 20 0 1 0 437 10964992 1472 18446744073709551615 1 1 0 0 0 0 0 4096 16385 0 0 0 17 5 0 0 0 0 0 0 0 0 0 0 0 0 0
43 (ksoftirqd/4) S 2 0 0 0 -1 69238848 0 0 0 0 3 0 0 0 20 0 1 0 13 0 0 18446744073709551615 0 0 0 0 0 0 0 2147483647 0 0 0 0 17 4 0 0 0 0 0 0 0 0 0 0 0 0 0
434 (systemd-logind) S 1 434 434 0 -1 4194560 399509 488974 2 0 874 1587 685 603 20 0 1 0 442 18571264 2303 18446744073709551615 1 1 0 0 0 0 81923 4096 0 0 0 0 17 2 0 0 0 0 0 0 0 0 0 0 0 0 0
444 (NetworkManager) S 1 444 444 0 -1 4194560 1756 0 98 0 274 219 0 0 20 0 5 0 446 1317978112 6825 18446744073709551615 1 1 0 0 0 0 0 4096 18947 0 0 0 17 2 0 0 0 0 0 0 0 0 0 0 0 0 0
45 (kworker/4:0H-events_highpri) I 2 0 0 0 -1 69238880 0 0 0 0 0 0 0 0 0 -20 1 0 13 0 0 18446744073709551615 0 0 0 0 0 0 0 2147483647 0 0 0 0 17 4 0 0 0 0 0 0 0 0 0 0 0 0 0
46 (cpuhp/5) S 2 0 0 0 -1 69239104 0 0 0 0 0 0 0 0 20 0 1 0 13 0 0 18446744073709551615 0 0 0 0 0 0 0 2147483647 0 0 0 0 17 5 0 0 0 0 0 0 0 0 0 0 0 0 0
47 (idle_inject/5) S 2 0 0 0 -1 69238848 0 0 0 0 0 0 0 0 -51 0 1 0 13 0 0 18446744073709551615 0 0 0 0 0 0 0 2147483647 0 0 0 0 17 5 50 1 0 0 0 0 0 0 0 0 0 0 0
477 (clash) S 1 477 477 0 -1 4194560 37336 0 2 0 1334 1746 0 0 20 0 22 0 459 5050695680 10561 18446744073709551615 1 1 0 0 0 0 0 0 2143420159 0 0 0 17 0 0 0 0 0 0 0 0 0 0 0 0 0 0
478 (sshd) S 1 478 478 0 -1 4194560 1237 35719 2 0 3 4 188 70 20 0 1 0 459 11583488 1792 18446744073709551615 1 1 0 0 0 0 0 4096 81925 0 0 0 17 4 0 0 0 0 0 0 0 0 0 0 0 0 0
48 (migration/5) S 2 0 0 0 -1 69238848 0 0 0 0 0 17 0 0 -100 0 1 0 14 0 0 18446744073709551615 0 0 0 0 0 0 0 2147483647 0 0 0 0 17 5 99 1 0 0 0 0 0 0 0 0 0 0 0
484 (v2ray) S 1 484 484 0 -1 4194560 3989 0 2 0 169 11 0 0 20 0 11 0 461 5950480384 11560 18446744073709551615 1 1 0 0 0 0 0 0 2143420159 0 0 0 17 2 0 0 0 0 0 0 0 0 0 0 0 0 0
49 (ksoftirqd/5) S 2 0 0 0 -1 69238848 0 0 0 0 5 0 0 0 20 0 1 0 14 0 0 18446744073709551615 0 0 0 0 0 0 0 2147483647 0 0 0 0 17 5 0 0 0 0 0 0 0 0 0 0 0 0 0
491 (gdm) S 1 491 491 0 -1 4194560 927 1243 9 18 6 4 0 2 20 0 4 0 465 323411968 2302 18446744073709551615 1 1 0 0 0 0 512 4096 16387 0 0 0 17 2 0 0 0 0 0 0 0 0 0 0 0 0 0
5 (slub_flushwq) I 2 0 0 0 -1 69238880 0 0 0 0 0 0 0 0 0 -20 1 0 13 0 0 18446744073709551615 0 0 0 0 0 0 0 2147483647 0 0 0 0 17 0 0 0 0 0 0 0 0 0 0 0 0 0 0
51 (kworker/5:0H-events_highpri) I 2 0 0 0 -1 69238880 0 0 0 0 0 0 0 0 0 -20 1 0 14 0 0 18446744073709551615 0 0 0 0 0 0 0 2147483647 0 0 0 0 17 5 0 0 0 0 0 0 0 0 0 0 0 0 0
511 (accounts-daemon) S 1 511 511 0 -1 4194560 782 0 4 0 35 25 0 0 20 0 4 0 482 322985984 3173 18446744073709551615 1 1 0 0 0 0 0 4096 16386 0 0 0 17 6 0 0 0 0 0 0 0 0 0 0 0 0 0
52 (cpuhp/6) S 2 0 0 0 -1 69239104 0 0 0 0 0 0 0 0 20 0 1 0 14 0 0 18446744073709551615 0 0 0 0 0 0 0 2147483647 0 0 0 0 17 6 0 0 0 0 0 0 0 0 0 0 0 0 0
524 (polkitd) R 1 524 524 0 -1 4194560 1653 0 4 0 209 199 0 0 20 0 4 0 491 394645504 3312 18446744073709551615 1 1 0 0 0 0 508115457 4096 2 0 0 0 17 0 0 0 0 0 0 0 0 0 0 0 0 0 0
53 (idle_inject/6) S 2 0 0 0 -1 69238848 0 0 0 0 0 0 0 0 -51 0 1 0 14 0 0 18446744073709551615 0 0 0 0 0 0 0 2147483647 0 0 0 0 17 6 50 1 0 0 0 0 0 0 0 0 0 0 0
54 (migration/6) S 2 0 0 0 -1 69238848 0 0 0 0 0 16 0 0 -100 0 1 0 14 0 0 18446744073709551615 0 0 0 0 0 0 0 2147483647 0 0 0 0 17 6 99 1 0 0 0 0 0 0 0 0 0 0 0
55 (ksoftirqd/6) S 2 0 0 0 -1 69238848 0 0 0 0 2 3 0 0 20 0 1 0 14 0 0 18446744073709551615 0 0 0 0 0 0 0 2147483647 0 0 0 0 17 6 0 0 0 0 0 0 0 0 0 0 0 0 0
57 (kworker/6:0H-events_highpri) I 2 0 0 0 -1 69238880 0 0 0 0 0 0 0 0 0 -20 1 0 14 0 0 18446744073709551615 0 0 0 0 0 0 0 2147483647 0 0 0 0 17 6 0 0 0 0 0 0 0 0 0 0 0 0 0
58 (cpuhp/7) S 2 0 0 0 -1 69239104 0 0 0 0 0 0 0 0 20 0 1 0 14 0 0 18446744073709551615 0 0 0 0 0 0 0 2147483647 0 0 0 0 17 7 0 0 0 0 0 0 0 0 0 0 0 0 0
585 (iio-sensor-prox) S 1 585 585 0 -1 4194560 766 0 2 0 519 317 0 0 20 0 4 0 555 322801664 2686 18446744073709551615 1 1 0 0 0 0 0 4096 0 0 0 0 17 2 0 0 0 0 0 0 0 0 0 0 0 0 0
59 (idle_inject/7) S 2 0 0 0 -1 69238848 0 0 0 0 0 0 0 0 -51 0 1 0 14 0 0 18446744073709551615 0 0 0 0 0 0 0 2147483647 0 0 0 0 17 7 50 1 0 0 0 0 0 0 0 0 0 0 0
6 (netns) I 2 0 0 0 -1 69238880 0 0 0 0 0 0 0 0 0 -20 1 0 13 0 0 18446744073709551615 0 0 0 0 0 0 0 2147483647 0 0 0 0 17 0 0 0 0 0 0 0 0 0 0 0 0 0 0
60 (migration/7) S 2 0 0 0 -1 69238848 0 0 0 0 0 3 0 0 -100 0 1 0 14 0 0 18446744073709551615 0 0 0 0 0 0 0 2147483647 0 0 0 0 17 7 99 1 0 0 0 0 0 0 0 0 0 0 0
61 (ksoftirqd/7) S 2 0 0 0 -1 69238848 0 0 0 0 1 2 0 0 20 0 1 0 14 0 0 18446744073709551615 0 0 0 0 0 0 0 2147483647 0 0 0 0 17 7 0 0 0 0 0 0 0 0 0 0 0 0 0
63 (kworker/7:0H-events_highpri) I 2 0 0 0 -1 69238880 0 0 0 0 0 0 0 0 0 -20 1 0 14 0 0 18446744073709551615 0 0 0 0 0 0 0 2147483647 0 0 0 0 17 7 0 0 0 0 0 0 0 0 0 0 0 0 0
637 (MWIFIEX_DFS_CAC) I 2 0 0 0 -1 69238880 0 0 0 0 0 0 0 0 0 -20 1 0 646 0 0 18446744073709551615 0 0 0 0 0 0 0 2147483647 0 0 0 0 17 2 0 0 0 0 0 0 0 0 0 0 0 0 0
638 (MWIFIEX_DFS_CHS) I 2 0 0 0 -1 69238880 0 0 0 0 0 0 0 0 0 -20 1 0 646 0 0 18446744073709551615 0 0 0 0 0 0 0 2147483647 0 0 0 0 17 2 0 0 0 0 0 0 0 0 0 0 0 0 0
64 (kdevtmpfs) S 2 0 0 0 -1 2130240 0 0 0 0 0 0 0 0 20 0 1 0 14 0 0 18446744073709551615 0 0 0 0 0 0 0 2147483647 0 0 0 0 17 3 0 0 0 0 0 0 0 0 0 0 0 0 0
640 (wpa_supplicant) S 1 640 640 0 -1 4194560 684 0 12 0 19 20 0 0 20 0 1 0 655 19009536 2816 18446744073709551615 1 1 0 0 0 0 0 4096 268451843 0 0 0 17 0 0 0 0 0 0 0 0 0 0 0 0 0 0
65 (inet_frag_wq) I 2 0 0 0 -1 69238880 0 0 0 0 0 0 0 0 0 -20 1 0 14 0 0 18446744073709551615 0 0 0 0 0 0 0 2147483647 0 0 0 0 17 1 0 0 0 0 0 0 0 0 0 0 0 0 0
66 (kauditd) S 2 0 0 0 -1 2097216 0 0 0 0 0 0 0 0 20 0 1 0 14 0 0 18446744073709551615 0 0 0 0 0 0 0 2147483647 0 0 0 0 17 2 0 0 0 0 0 0 0 0 0 0 0 0 0
67 (khungtaskd) S 2 0 0 0 -1 2129984 0 0 0 0 1 0 0 0 20 0 1 0 14 0 0 18446744073709551615 0 0 0 0 0 0 0 2147483647 0 0 0 0 17 2 0 0 0 0 0 0 0 0 0 0 0 0 0
69 (oom_reaper) S 2 0 0 0 -1 2097216 0 0 0 0 0 0 0 0 20 0 1 0 16 0 0 18446744073709551615 0 0 0 0 0 0 0 2147483647 0 0 0 0 17 7 0 0 0 0 0 0 0 0 0 0 0 0 0
70 (writeback) I 2 0 0 0 -1 69238880 0 0 0 0 0 0 0 0 0 -20 1 0 16 0 0 18446744073709551615 0 0 0 0 0 0 0 2147483647 0 0 0 0 17 3 0 0 0 0 0 0 0 0 0 0 0 0 0
71 (kcompactd0) S 2 0 0 0 -1 2097216 0 0 0 0 15 0 0 0 20 0 1 0 16 0 0 18446744073709551615 0 0 0 0 0 0 0 2147483647 0 0 0 0 17 2 0 0 0 0 0 0 0 0 0 0 0 0 0
72 (ksmd) S 2 0 0 0 -1 2097216 0 0 0 0 0 0 0 0 25 5 1 0 16 0 0 18446744073709551615 0 0 0 0 0 0 0 2147483647 0 0 0 0 17 4 0 0 0 0 0 0 0 0 0 0 0 0 0
724 (upowerd) S 1 724 724 0 -1 4194560 1205 43 8 0 70 108 0 0 20 0 4 0 812 326434816 3102 18446744073709551615 1 1 0 0 0 0 0 4096 16386 0 0 0 17 7 0 0 0 0 0 0 0 0 0 0 0 0 0
738 (power-profiles-) S 1 738 738 0 -1 4194560 640 0 2 0 8 6 0 0 20 0 4 0 822 321335296 2390 18446744073709551615 1 1 0 0 0 0 0 4096 0 0 0 0 17 0 0 0 0 0 0 0 0 0 0 0 0 0 0
7397 (kworker/4:2-events) I 2 0 0 0 -1 69238880 0 0 0 0 1 0 0 0 20 0 1 0 377011 0 0 18446744073709551615 0 0 0 0 0 0 0 2147483647 0 0 0 0 17 4 0 0 0 0 0 0 0 0 0 0 0 0 0
74 (khugepaged) S 2 0 0 0 -1 2097216 0 0 0 0 0 63 0 0 39 19 1 0 16 0 0 18446744073709551615 0 0 0 0 0 0 0 2147483647 0 0 0 0 17 4 0 0 0 0 0 0 0 0 0 0 0 0 0
740 (rtkit-daemon) S 1 740 740 0 -1 4194560 299 0 2 0 5 14 0 0 21 1 3 0 822 24047616 858 18446744073709551615 1 1 0 0 0 0 0 4096 0 0 0 0 17 0 0 0 0 0 0 0 0 0 0 0 0 0 0
75 (kintegrityd) I 2 0 0 0 -1 69238880 0 0 0 0 0 0 0 0 0 -20 1 0 16 0 0 18446744073709551615 0 0 0 0 0 0 0 2147483647 0 0 0 0 17 2 0 0 0 0 0 0 0 0 0 0 0 0 0
76 (kblockd) I 2 0 0 0 -1 69238880 0 0 0 0 0 0 0 0 0 -20 1 0 16 0 0 18446744073709551615 0 0 0 0 0 0 0 2147483647 0 0 0 0 17 2 0 0 0 0 0 0 0 0 0 0 0 0 0
7624 (psimon) S 2 0 0 0 -1 2129984 0 0 0 0 0 0 0 0 -2 0 1 0 383653 0 0 18446744073709551615 0 0 0 0 0 0 0 2147483647 0 0 0 0 17 7 1 1 0 0 0 0 0 0 0 0 0 0 0
77 (blkcg_punt_bio) I 2 0 0 0 -1 69238880 0 0 0 0 0 0 0 0 0 -20 1 0 16 0 0 18446744073709551615 0 0 0 0 0 0 0 2147483647 0 0 0 0 17 3 0 0 0 0 0 0 0 0 0 0 0 0 0
774 (colord) S 1 774 774 0 -1 4194560 2315 9876 11 172 16 4 20 23 20 0 4 0 831 329248768 4249 18446744073709551615 1 1 0 0 0 0 0 4096 0 0 0 0 17 3 0 0 0 0 0 0 0 0 0 0 0 0 0
79 (tpm_dev_wq) I 2 0 0 0 -1 69238880 0 0 0 0 0 0 0 0 0 -20 1 0 41 0 0 18446744073709551615 0 0 0 0 0 0 0 2147483647 0 0 0 0 17 2 0 0 0 0 0 0 0 0 0 0 0 0 0
8 (kworker/0:0H-events_highpri) I 2 0 0 0 -1 69238880 0 0 0 0 0 0 0 0 0 -20 1 0 13 0 0 18446744073709551615 0 0 0 0 0 0 0 2147483647 0 0 0 0 17 0 0 0 0 0 0 0 0 0 0 0 0 0 0
80 (ata_sff) I 2 0 0 0 -1 69238880 0 0 0 0 0 0 0 0 0 -20 1 0 41 0 0 18446744073709551615 0 0 0 0 0 0 0 2147483647 0 0 0 0 17 3 0 0 0 0 0 0 0 0 0 0 0 0 0
81 (edac-poller) I 2 0 0 0 -1 69238880 0 0 0 0 0 0 0 0 0 -20 1 0 41 0 0 18446744073709551615 0 0 0 0 0 0 0 2147483647 0 0 0 0 17 0 0 0 0 0 0 0 0 0 0 0 0 0 0
82 (devfreq_wq) I 2 0 0 0 -1 69238880 0 0 0 0 0 0 0 0 0 -20 1 0 41 0 0 18446744073709551615 0 0 0 0 0 0 0 2147483647 0 0 0 0 17 0 0 0 0 0 0 0 0 0 0 0 0 0 0
83 (watchdogd) S 2 0 0 0 -1 2129984 0 0 0 0 0 0 0 0 -51 0 1 0 44 0 0 18446744073709551615 0 0 0 0 0 0 0 2147483647 0 0 0 0 17 3 50 1 0 0 0 0 0 0 0 0 0 0 0
86 (kworker/1:1H-kblockd) I 2 0 0 0 -1 69238880 0 0 0 0 0 3 0 0 0 -20 1 0 47 0 0 18446744073709551615 0 0 0 0 0 0 0 2147483647 0 0 0 0 17 1 0 0 0 0 0 0 0 0 0 0 0 0 0
87 (kswapd0) S 2 0 0 0 -1 2230336 0 0 0 0 0 0 0 0 20 0 1 0 48 0 0 18446744073709551615 0 0 0 0 0 0 0 2147483647 0 0 0 0 17 7 0 0 0 0 0 0 0 0 0 0 0 0 0
88 (kthrotld) I 2 0 0 0 -1 69238880 0 0 0 0 0 0 0 0 0 -20 1 0 49 0 0 18446744073709551615 0 0 0 0 0 0 0 2147483647 0 0 0 0 17 0 0 0 0 0 0 0 0 0 0 0 0 0 0
92 (acpi_thermal_pm) I 2 0 0 0 -1 69238880 0 0 0 0 0 0 0 0 0 -20 1 0 50 0 0 18446744073709551615 0 0 0 0 0 0 0 2147483647 0 0 0 0 17 4 0 0 0 0 0 0 0 0 0 0 0 0 0
93 (xenbus_probe) S 2 0 0 0 -1 2129984 0 0 0 0 0 0 0 0 20 0 1 0 50 0 0 18446744073709551615 0 0 0 0 0 0 0 2147483647 0 0 0 0 17 4 0 0 0 0 0 0 0 0 0 0 0 0 0
94 (hwrng) S 2 0 0 0 -1 2129984 0 0 0 0 0 13 0 0 20 0 1 0 56 0 0 18446744073709551615 0 0 0 0 0 0 0 2147483647 0 0 0 0 17 5 0 0 0 0 0 0 0 0 0 0 0 0 0
95 (mld) I 2 0 0 0 -1 69238880 0 0 0 0 0 0 0 0 0 -20 1 0 58 0 0 18446744073709551615 0 0 0 0 0 0 0 2147483647 0 0 0 0 17 2 0 0 0 0 0 0 0 0 0 0 0 0 0
96 (ipv6_addrconf) I 2 0 0 0 -1 69238880 0 0 0 0 0 0 0 0 0 -20 1 0 58 0 0 18446744073709551615 0 0 0 0 0 0 0 2147483647 0 0 0 0 17 0 0 0 0 0 0 0 0 0 0 0 0 0 0